
170 85 0
-1.2 -0.8 -1.0
-1.2 0.8 -1.0
1.2 -0.8 -1.0

170 85 0
-1.2 0.8 -1.0
1.2 0.8 -1.0
1.2 -0.8 -1.0

213 0 0
-1.2 0.8 -0.999
-0.8 0.8 -0.999
-1.2 0.4 -0.999

213 0 0
-1.2 0.4 -0.999
-0.8 0.8 -0.999
-0.8 0.4 -0.999

0 128 255
0.8 0.8 -0.999
1.2 0.8 -0.999
1.2 0.4 -0.999

0 128 255
0.8 0.8 -0.999
1.2 0.4 -0.999
0.8 0.4 -0.999

0 128 255
-1.2 -0.8 -1.0
-1.2 -0.8 -0.9
-1.2 0.8 -1.0

0 128 255
-1.2 -0.8 -0.9
-1.2 0.8 -0.9
-1.2 0.8 -1.0

0 128 255
-1.2 0.8 -1.0
-1.2 0.8 -0.9
0 0.8 -1.0

0 128 255
-1.2 0.8 -0.9
0 0.8 -0.9
0 0.8 -1.0

0 128 255
-1.2 -0.8 -0.9
-1.2 -0.8 -1.0
0 -0.8 -1.0

0 128 255
0 -0.8 -0.9
-1.2 -0.8 -0.9
0 -0.8 -1.0

213 0 0
1.2 0.8 -1.0
1.2 0.8 -0.9
1.2 -0.8 -1.0

213 0 0
1.2 0.8 -0.9
1.2 -0.8 -0.9
1.2 -0.8 -1.0

213 0 0
0 0.8 -1.0
0 0.8 -0.9
1.2 0.8 -1.0

213 0 0
0 0.8 -0.9
1.2 0.8 -0.9
1.2 0.8 -1.0

213 0 0
0 -0.8 -0.9
0 -0.8 -1.0
1.2 -0.8 -1.0

213 0 0
1.2 -0.8 -0.9
0 -0.8 -0.9
1.2 -0.8 -1.0